wall 320.0 3040.0 16.0 160.0 
wall 336.0 3040.0 456.0 32.0 
wall 904.0 3040.0 312.0 32.0 
wall 1200.0 3072.0 16.0 128.0 
wall 928.0 3040.0 32.0 64.0 
wall 736.0 3040.0 32.0 64.0 
wall 736.0 3136.0 32.0 64.0 
wall 544.0 3104.0 32.0 64.0 
wall 416.0 3136.0 32.0 64.0 
wall 928.0 3104.0 32.0 64.0 
wall 1024.0 3136.0 32.0 64.0 
wall 1664.0 1336.0 24.0 184.0 
wall 1688.0 1512.0 88.0 24.0 
wall 1768.0 1480.0 96.0 32.0 
wall 1856.0 1440.0 128.0 40.0 
wall 2016.0 1440.0 56.0 120.0 
wall 1928.0 1480.0 56.0 80.0 
wall 2048.0 1408.0 128.0 32.0 
wall 2152.0 1376.0 88.0 32.0 
wall 2216.0 1312.0 48.0 64.0 
wall 2248.0 1248.0 40.0 64.0 
wall 2280.0 1216.0 40.0 32.0 
wall 2312.0 1128.0 24.0 88.0 
wall 2312.0 992.0 24.0 88.0 
wall 2128.0 992.0 184.0 24.0 
wall 2048.0 1016.0 96.0 32.0 
wall 1984.0 1048.0 96.0 32.0 
wall 1952.0 1080.0 56.0 64.0 
wall 1856.0 1144.0 128.0 32.0 
wall 1824.0 1176.0 56.0 32.0 
wall 1792.0 1208.0 56.0 32.0 
wall 1760.0 1208.0 32.0 32.0 
wall 1728.0 1240.0 56.0 32.0 
wall 1696.0 1272.0 56.0 32.0 
wall 1664.0 1304.0 56.0 32.0 
wall 2336.0 1056.0 216.0 24.0 
wall 2336.0 1128.0 216.0 48.0 
wall 2512.0 896.0 40.0 160.0 
wall 2480.0 768.0 40.0 128.0 
wall 2448.0 672.0 40.0 96.0 
wall 2416.0 576.0 40.0 96.0 
wall 2384.0 544.0 40.0 32.0 
wall 2352.0 512.0 40.0 32.0 
wall 2224.0 480.0 136.0 32.0 
wall 1928.0 448.0 304.0 32.0 
wall 1832.0 480.0 120.0 32.0 
wall 1800.0 512.0 40.0 32.0 
wall 1768.0 544.0 40.0 32.0 
wall 1768.0 576.0 40.0 216.0 
wall 1800.0 768.0 40.0 256.0 
wall 1768.0 1024.0 72.0 32.0 
wall 1704.0 1056.0 72.0 32.0 
wall 1544.0 1088.0 184.0 32.0 
wall 1416.0 1120.0 152.0 32.0 
wall 1352.0 1152.0 88.0 32.0 
wall 1288.0 1184.0 88.0 32.0 
wall 1224.0 1216.0 88.0 32.0 
wall 1224.0 1248.0 24.0 64.0 
wall 1192.0 1280.0 32.0 64.0 
wall 1160.0 1312.0 32.0 64.0 
wall 1128.0 1344.0 32.0 64.0 
wall 1096.0 1376.0 32.0 64.0 
wall 1064.0 1408.0 32.0 376.0 
wall 1096.0 1760.0 32.0 56.0 
wall 1128.0 1784.0 72.0 32.0 
wall 1192.0 1816.0 280.0 32.0 
wall 1440.0 1784.0 88.0 32.0 
wall 1504.0 1752.0 88.0 32.0 
wall 1568.0 1720.0 88.0 32.0 
wall 1632.0 1688.0 64.0 32.0 
wall 1680.0 1656.0 72.0 32.0 
wall 1736.0 1624.0 80.0 32.0 
wall 1792.0 1592.0 88.0 32.0 
wall 1856.0 1560.0 88.0 32.0 
wall 2072.0 1496.0 192.0 32.0 
wall 2240.0 1464.0 120.0 32.0 
wall 2368.0 1400.0 56.0 32.0 
wall 2336.0 1432.0 56.0 32.0 
wall 2400.0 1368.0 56.0 32.0 
wall 2432.0 1248.0 56.0 120.0 
wall 2488.0 1176.0 32.0 96.0 
wall 0.0 0.0 696.0 56.0 
wall 0.0 56.0 632.0 32.0 
wall 0.0 88.0 344.0 32.0 
wall 0.0 120.0 152.0 32.0 
wall 0.0 152.0 88.0 32.0 
wall 0.0 184.0 56.0 160.0 
wall 2240.0 1160.0 32.0 24.0 
wall 2248.0 1064.0 16.0 16.0 
wall 2640.0 0.0 16.0 232.0 
wall 2688.0 168.0 144.0 64.0 
wall 2896.0 168.0 120.0 64.0 
wall 3016.0 104.0 32.0 96.0 
wall 3048.0 0.0 8.0 64.0 
wall 3056.0 56.0 24.0 8.0 
wall 3080.0 56.0 8.0 40.0 
wall 2800.0 232.0 128.0 80.0 
wall 2704.0 0.0 264.0 112.0 
wall 2968.0 0.0 32.0 56.0 
wall 2720.0 112.0 248.0 32.0 
wall 2816.0 144.0 96.0 24.0 
cell_door 1920.0 1256.0 32.0 24.0 link|map1 linkCoord|640,192 
wall 2016.0 1560.0 32.0 32.0 
wall 1944.0 1560.0 40.0 32.0 
animated_terrain 2016.0 1528.0 32.0 32.0 animation_length|1000 frames|4 texture_source|smolfirered.png 
animated_terrain 1952.0 1528.0 32.0 32.0 animation_length|1000 frames|4 texture_source|smolfirered.png 
