wall 160.0 352.0 160.0 32.0 
wall 64.0 384.0 128.0 32.0 
wall 64.0 320.0 32.0 64.0 
wall 32.0 224.0 32.0 128.0 
wall 64.0 32.0 32.0 224.0 
wall 96.0 32.0 224.0 32.0 
wall 288.0 64.0 96.0 32.0 
wall 352.0 96.0 32.0 96.0 
wall 352.0 224.0 32.0 96.0 
wall 288.0 288.0 32.0 64.0 
wall 320.0 288.0 32.0 32.0 
wall 384.0 224.0 160.0 32.0 
wall 512.0 256.0 64.0 32.0 
wall 544.0 288.0 64.0 32.0 
wall 576.0 320.0 224.0 32.0 
wall 768.0 288.0 64.0 32.0 
wall 800.0 96.0 32.0 192.0 
wall 704.0 96.0 96.0 32.0 
wall 600.0 64.0 136.0 32.0 
wall 576.0 64.0 24.0 56.0 
wall 544.0 96.0 32.0 64.0 
wall 512.0 128.0 32.0 64.0 
wall 384.0 160.0 128.0 32.0 
wall 0.0 1568.0 1600.0 32.0 
wall 1568.0 352.0 64.0 1216.0 
wall 192.0 288.0 32.0 32.0 
